0.115625 0.741666666667 0.803540456364 0.945767083139 
0.853125 0.329166666667 0.0085647447632 0.245979212764 
0.7625 0.708333333333 0.693366965716 0.159726372146 
0.1375 0.266666666667 0.328283354256 0.968550904855 
0.303125 0.420833333333 0.440616747339 0.783025788522 
0.484375 0.466666666667 0.438456509151 0.576344248243 
0.553125 0.620833333333 0.63936067524 0.459170344122 
0.30625 0.666666666667 0.725770874303 0.787907981832 
0.1375 0.6 0.643681151617 0.911591477033 
0.565625 0.6125 0.624238672164 0.39570132522 
0.63125 0.6125 0.624238672164 0.355015875098 
0.7625 0.654166666667 0.628559148542 0.177627747615 
0.753125 0.545833333333 0.39309117143 0.228077584357 
0.7625 0.391666666667 0.138180379111 0.307820833895 
0.759375 0.304166666667 0.0539304182372 0.364780514655 
0.528125 0.229166666667 0.133859902734 0.615402047659 
0.34375 0.275 0.278597204404 0.787907981832 
0.33125 0.404166666667 0.427655318206 0.760241966806 
0.459375 0.6875 0.743053115568 0.563324813147 
0.48125 0.679166666667 0.736572401001 0.534031400351 
0.5 0.670833333333 0.725770874303 0.511247578634 
0.553125 0.666666666667 0.717129921547 0.389191734141 
0.678125 0.695833333333 0.719290159736 0.26388084117 
0.709375 0.691666666667 0.714969683358 0.231332632834 
0.61875 0.483333333333 0.388770695052 0.464052537432 
0.48125 0.4375 0.408212838752 0.621911638739 
0.653125 0.65 0.609117004841 0.322467666762 
0.64375 0.6625 0.652322104373 0.328977257842 
0.63125 0.691666666667 0.689046489338 0.333859451151 
0.765625 0.629166666667 0.531347758534 0.176000349845 
0.7875 0.566666666667 0.403892362375 0.164608565455 
0.78125 0.533333333333 0.352045974334 0.236214826144 
0.58125 0.716666666667 0.753854306512 0.363153116885 
0.6125 0.708333333333 0.73873263919 0.351761079558 
0.7375 0.6625 0.615597719408 0.193901978251 
0.784375 0.45 0.211629149041 0.241097019454 
0.8125 0.6875 0.619918195786 0.102766944324 
0.809375 0.6875 0.622078433975 0.12717816381 
0.6625 0.2875 0.0992957559577 0.472189779219 
0.396875 0.158333333333 0.153302382187 0.756987171266 
0.2875 0.225 0.235392104873 0.843240011884 
0.20625 0.225 0.261315298893 0.903454235246 
0.25625 0.404166666667 0.425495080017 0.838357818574 
0.35 0.5125 0.51190527908 0.72769375847 
0.525 0.5375 0.505424564514 0.506365385325 
0.68125 0.570833333333 0.492462799627 0.312703280142 
0.73125 0.616666666667 0.533507996723 0.224822788817 
0.74375 0.541666666667 0.395251409619 0.250861406073 
0.715625 0.395833333333 0.16842404951 0.338741897398 
0.7625 0.341666666667 0.0992957559577 0.299683845046 
0.859375 0.4625 0.192187005341 0.164608565455 
0.8125 0.520833333333 0.332603830634 0.202038967101 
0.734375 0.55 0.419014029697 0.26876303448 
0.628125 0.520833333333 0.434136032773 0.426622135786 
0.53125 0.491666666667 0.447097461906 0.551933028757 
0.346875 0.475 0.48598208506 0.745595133939 
0.390625 0.675 0.714969683358 0.644695460455 
0.45 0.658333333333 0.691206727527 0.568207006456 
0.553125 0.6125 0.609117004841 0.452660753043 
0.59375 0.616666666667 0.600476052086 0.40709310961 
