0.109375 0.829166666667 0.486399049096 0.158700049796 
0.146875 0.816666666667 0.484927543347 0.15308776367 
0.121875 0.8 0.482352508344 0.151217050087 
0.115625 0.7625 0.471316529693 0.149346336504 
0.11875 0.675 0.452923250999 0.149346336504 
0.115625 0.6125 0.440047961631 0.148410979713 
0.11875 0.570833333333 0.432690661588 0.148410979713 
0.115625 0.4375 0.405836439247 0.149346336504 
0.1375 0.354166666667 0.392593287736 0.136251196047 
0.103125 0.320833333333 0.38928247127 0.171795190253 
0.096875 0.295833333333 0.385235930518 0.175536617419 
0.096875 0.233333333333 0.37346422758 0.175536617419 
0.1 0.225 0.363531892534 0.174601260627 
0.103125 0.258333333333 0.37236064115 0.157764693004 
0.175 0.254166666667 0.368314157573 0.121285342007 
0.240625 0.254166666667 0.364635478964 0.09322434751 
0.309375 0.229166666667 0.353967362456 0.06516349839 
0.328125 0.2 0.343299245949 0.06516349839 
0.35 0.2 0.342563521662 0.0558097850986 
0.403125 0.216666666667 0.347345786701 0.0127829365614 
0.340625 0.266666666667 0.367210513968 0.0511330011414 
0.26875 0.425 0.400318449921 0.0604865690557 
0.253125 0.508333333333 0.415033107181 0.0604865690557 
0.240625 0.591666666667 0.434897834449 0.06516349839 
0.228125 0.666666666667 0.446301675243 0.06329263943 
0.26875 0.666666666667 0.447773123817 0.0455207150157 
0.2625 0.75 0.46506281608 0.0455207150157 
0.246875 0.825 0.47977747334 0.04832678539 
0.30625 0.825 0.48088105977 0.00436472543856 
0.365625 0.8125 0.48088105977 -0.03304998235 
0.4 0.8125 0.48088105977 -0.0564341928901 
0.403125 0.779166666667 0.472787978266 -0.0573695496815 
0.409375 0.708333333333 0.454026837429 -0.0573695496815 
0.421875 0.608333333333 0.430483431553 -0.0573695496815 
0.415625 0.5125 0.410618704286 -0.0349206959329 
0.4125 0.483333333333 0.399214863491 -0.0293085551843 
0.4375 0.3375 0.372728503294 -0.01808412831 
0.36875 0.3125 0.371992779007 0.0155890069357 
0.3875 0.279166666667 0.360221076069 0.0137182933528 
0.421875 0.191666666667 0.341459935232 0.0137182933528 
0.40625 0.2125 0.349552959561 0.0193304341014 
0.384375 0.254166666667 0.359117489639 0.0174597205185 
0.465625 0.279166666667 0.357278178922 -0.0293085551843 
0.515625 0.2875 0.353599500313 -0.0601756200558 
0.55 0.275 0.346977924557 -0.0779475444701 
0.56875 0.283333333333 0.347345786701 -0.0938487553015 
0.58125 0.316666666667 0.350288741023 -0.102267111802 
0.60625 0.341666666667 0.352495913883 -0.121909749799 
0.584375 0.370833333333 0.363164030391 -0.119103679424 
0.56875 0.429166666667 0.376039319759 -0.120039036216 
0.553125 0.466666666667 0.387443160553 -0.119103679424 
0.546875 0.483333333333 0.391857563449 -0.120039036216 
0.54375 0.495833333333 0.392961149879 -0.120039036216 
0.55 0.491666666667 0.394432598452 -0.12284510659 
0.55625 0.504166666667 0.397007633456 -0.128457247339 
0.559375 0.525 0.402525622782 -0.130328106299 
0.575 0.65 0.43011556941 -0.165871955127 
0.5625 0.695833333333 0.4459338131 -0.165871955127 
0.553125 0.741666666667 0.457705516038 -0.164936598336 
0.55 0.791666666667 0.472420116123 -0.164936598336 
0.540625 0.833333333333 0.484191819061 -0.164936598336 
0.54375 0.841666666667 0.49007767053 -0.164936598336 
0.565625 0.829166666667 0.486766911239 -0.188320663499 
0.628125 0.825 0.486766911239 -0.226670728079 
0.63125 0.816666666667 0.486399049096 -0.231347512036 
0.65 0.7625 0.462487781076 -0.238830511744 
0.65 0.720833333333 0.455130423859 -0.238830511744 
0.65 0.729166666667 0.455498286003 -0.237895154953 
0.696875 0.754166666667 0.458441240324 -0.27905114453 
0.66875 0.741666666667 0.454762561716 -0.262214576907 
0.675 0.691666666667 0.440047961631 -0.260343863324 
0.68125 0.654166666667 0.42901198298 -0.255667079367 
0.68125 0.595833333333 0.417240280042 -0.24911943645 
0.68125 0.545833333333 0.398111277061 -0.236959798162 
0.690625 0.491666666667 0.379350136224 -0.229476798453 
0.684375 0.429166666667 0.364267616821 -0.205157231122 
0.684375 0.4 0.353599500313 -0.192997592833 
0.703125 0.345833333333 0.338884900228 -0.188320663499 
0.684375 0.320833333333 0.33741339448 -0.171484095876 
0.690625 0.3375 0.337045532336 -0.173354809459 
0.721875 0.258333333333 0.317916529356 -0.173354809459 
0.759375 0.204166666667 0.306880550705 -0.168678025502 
0.7625 0.204166666667 0.306512688561 -0.173354809459 
0.790625 0.241666666667 0.306512688561 -0.192062236042 
0.828125 0.2125 0.302466147809 -0.211704874039 
0.85625 0.2375 0.294740985623 -0.23602444137 
0.875 0.304166666667 0.295108847767 -0.270632933407 
0.85625 0.304166666667 0.299155388519 -0.268762219824 
0.859375 0.316666666667 0.305409102131 -0.268762219824 
0.865625 0.341666666667 0.312766402174 -0.271568290199 
0.865625 0.4 0.314973632209 -0.300564641487 
0.871875 0.416666666667 0.314973632209 -0.316465852319 
0.86875 0.445833333333 0.317180805069 -0.324884063442 
0.875 0.458333333333 0.327848921577 -0.327690279193 
0.86875 0.4875 0.334838359476 -0.332367208527 
0.8625 0.5 0.345874338127 -0.332367208527 
0.865625 0.529166666667 0.349185097418 -0.352945057939 
0.865625 0.55 0.354703086743 -0.358557198687 
0.875 0.566666666667 0.354703086743 -0.371652484522 
0.865625 0.604166666667 0.367578433286 -0.371652484522 
0.859375 0.629166666667 0.381925171228 -0.371652484522 
0.865625 0.633333333333 0.386339574123 -0.371652484522 
0.86875 0.658333333333 0.3903860577 -0.388488906767 
0.85 0.695833333333 0.408411474251 -0.388488906767 
0.840625 0.729166666667 0.424965442228 -0.387553549976 
0.83125 0.733333333333 0.426436947976 -0.387553549976 
0.821875 0.729166666667 0.426804810119 -0.387553549976 
0.821875 0.741666666667 0.43121915584 -0.384747479602 
0.8125 0.7625 0.441887272348 -0.382876766019 
0.859375 0.754166666667 0.441151548061 -0.423097689559 
0.878125 0.7625 0.441519410204 -0.433386614265 
0.865625 0.770833333333 0.442622996634 -0.419355971639 
0.865625 0.766666666667 0.442622996634 -0.45022303651 
0.878125 0.770833333333 0.442622996634 -0.45022303651 
0.8625 0.758333333333 0.443358720921 -0.449287679719 
0.875 0.7625 0.44814098596 -0.428709830307 
0.85625 0.808333333333 0.464327091793 -0.42403304635 
0.8375 0.825 0.475730932588 -0.411873117307 
0.80625 0.820833333333 0.476098794731 -0.387553549976 
0.790625 0.816666666667 0.477570243305 -0.378199982062 
0.728125 0.820833333333 0.478305967592 -0.31740120911 
0.684375 0.825 0.478673829735 -0.282792717073 
0.6875 0.795833333333 0.475363070445 -0.278115787739 
0.6875 0.729166666667 0.448508848103 -0.279986646699 
0.7125 0.641666666667 0.418343866472 -0.279986646699 
0.746875 0.545833333333 0.383396619801 -0.279986646699 
0.771875 0.504166666667 0.361324662499 -0.28092200349 
0.8125 0.429166666667 0.339988486658 -0.27905114453 
0.771875 0.391666666667 0.334470497333 -0.240701225327 
0.696875 0.408333333333 0.350656603166 -0.194868306416 
0.6125 0.4125 0.367946295429 -0.135004890256 
0.50625 0.429166666667 0.3903860577 -0.0732707605129 
0.43125 0.483333333333 0.405836439247 -0.0302439119758 
0.384375 0.458333333333 0.403629266387 -0.01808412831 
0.403125 0.4125 0.387443160553 -0.0208901986843 
0.49375 0.3 0.359485351782 -0.0367914095158 
0.390625 0.316666666667 0.373832146898 0.0109122229785 
0.2875 0.375 0.3903860577 0.0604865690557 
0.29375 0.533333333333 0.423861855797 0.0558097850986 
0.303125 0.679166666667 0.450348215995 0.0258780770186 
0.4 0.675 0.449980353852 -0.0405329820586 
0.5 0.658333333333 0.441887272348 -0.123780463382 
0.596875 0.633333333333 0.431587017983 -0.184579236333 
0.65625 0.575 0.407307887821 -0.213575587622 
0.671875 0.504166666667 0.384868068375 -0.21264023083 
0.678125 0.404166666667 0.358381765352 -0.190191522459 
0.703125 0.3 0.326745335147 -0.166807311919 
0.665625 0.245833333333 0.321595207964 -0.115362106881 
0.5625 0.233333333333 0.338517038085 -0.0676584743872 
0.478125 0.4375 0.386707436267 -0.0676584743872 
