0.1875 0.733333333333 0.471316529693 0.13157441209 
0.190625 0.866666666667 0.494492073425 0.202662255124 
0.16875 0.720833333333 0.466534264654 0.200791541541 
0.2 0.604166666667 0.443358720921 0.201726898333 
0.190625 0.520833333333 0.427908396549 0.201726898333 
0.190625 0.445833333333 0.416136693611 0.201726898333 
0.165625 0.341666666667 0.402157760638 0.201726898333 
0.1625 0.275 0.391857563449 0.201726898333 
0.125 0.170833333333 0.381925171228 0.201726898333 
0.128125 0.1875 0.380453722654 0.222304893121 
0.184375 0.129166666667 0.372728503294 0.175536617419 
0.171875 0.170833333333 0.378614354763 0.177407331001 
0.18125 0.3375 0.400318449921 0.178342687793 
0.171875 0.441666666667 0.419079590759 0.177407331001 
0.175 0.516666666667 0.43121915584 0.17647197421 
0.1625 0.625 0.451083940282 0.175536617419 
0.165625 0.691666666667 0.462487781076 0.172730547044 
0.14375 0.766666666667 0.477202381161 0.172730547044 
0.15 0.816666666667 0.486766911239 0.173665903836 
0.1875 0.845833333333 0.493388486995 0.135315839256 
0.240625 0.8 0.486399049096 0.0894829203443 
0.2625 0.720833333333 0.469477218976 0.0894829203443 
0.278125 0.625 0.451819664569 0.0894829203443 
0.290625 0.529166666667 0.431954880127 0.0913536339271 
0.3 0.491666666667 0.423126131511 0.0913536339271 
0.3 0.416666666667 0.412825877146 0.0904182771357 
0.275 0.4 0.409515117856 0.106319487967 
0.296875 0.245833333333 0.383028757658 0.106319487967 
0.325 0.145833333333 0.364267616821 0.106319487967 
0.328125 0.120833333333 0.361324662499 0.10819020155 
0.334375 0.245833333333 0.380085860511 0.0894829203443 
0.453125 0.225 0.37015346829 0.0277487906014 
0.4 0.295833333333 0.385603849836 0.05019764435 
0.46875 0.391666666667 0.401054174208 -0.0106012739786 
0.43125 0.570833333333 0.440783685917 -0.00873041501859 
0.409375 0.716666666667 0.474627346158 -0.00685970143574 
0.378125 0.816666666667 0.492652762708 0.00904150939569 
0.43125 0.8 0.490813394816 -0.00966577181002 
0.55 0.804166666667 0.493756349138 -0.123780463382 
0.55625 0.816666666667 0.495595659855 -0.125651176964 
0.571875 0.666666666667 0.459912688898 -0.124715820173 
0.615625 0.45 0.400318449921 -0.11442675009 
0.621875 0.345833333333 0.374567871185 -0.0882366145529 
0.646875 0.283333333333 0.356542454635 -0.0807536148443 
0.6375 0.266666666667 0.356174592492 -0.0704646901387 
0.6125 0.241666666667 0.353967362456 -0.0592402632644 
0.746875 0.341666666667 0.350288741023 -0.139681674213 
0.778125 0.325 0.346242200271 -0.156518241836 
0.796875 0.316666666667 0.337781256623 -0.155582885044 
0.790625 0.241666666667 0.337045532336 -0.158388955419 
0.790625 0.25 0.339620624515 -0.156518241836 
0.7625 0.2875 0.355806730348 -0.156518241836 
0.709375 0.4 0.379717998367 -0.156518241836 
0.78125 0.475 0.388546746984 -0.224800014496 
0.759375 0.525 0.406940025677 -0.224800014496 
0.740625 0.620833333333 0.434897834449 -0.238830511744 
0.7875 0.658333333333 0.441519410204 -0.277180430947 
0.771875 0.7125 0.458073378181 -0.277180430947 
0.759375 0.7625 0.476466656875 -0.277180430947 
0.69375 0.7875 0.486399049096 -0.230412155244 
0.775 0.7625 0.4819846462 -0.293081641779 
0.865625 0.7875 0.481616784057 -0.352945057939 
0.846875 0.745833333333 0.469477218976 -0.349203630773 
0.871875 0.675 0.447773123817 -0.348268273982 
0.89375 0.520833333333 0.3903860577 -0.335173278902 
0.90625 0.4625 0.371992779007 -0.328625635984 
0.865625 0.475 0.377878630476 -0.28746950103 
0.871875 0.433333333333 0.370521330433 -0.284663430656 
0.89375 0.379166666667 0.35212805174 -0.285598787447 
0.90625 0.341666666667 0.340724210945 -0.284663430656 
0.9 0.345833333333 0.343299245949 -0.259408506533 
0.85625 0.308333333333 0.341459935232 -0.225735371287 
0.86875 0.279166666667 0.334102635189 -0.225735371287 
0.89375 0.225 0.321595207964 -0.225735371287 
0.9 0.204166666667 0.317180805069 -0.22105858733 
0.9 0.175 0.309455642883 -0.215446301204 
