0.146875 0.804166666667 0.753854306512 0.831848227495 
0.1375 0.729166666667 0.648001627995 0.844867409654 
0.128125 0.679166666667 0.583193810821 0.854631796274 
0.146875 0.65 0.555110378612 0.841612614114 
0.171875 0.6125 0.477341132304 0.822083587938 
0.18125 0.541666666667 0.416853791508 0.823710985708 
0.1875 0.495833333333 0.354206212523 0.830220576788 
0.8875 0.7875 0.576713096254 -0.086012967549 
0.90625 0.804166666667 0.576713096254 -0.100660053353 
0.90625 0.804166666667 0.578873334443 -0.128325815442 
0.878125 0.7875 0.583193810821 -0.0404453241165 
0.78125 0.775 0.648001627995 0.0930023047668 
0.6625 0.820833333333 0.771136547777 0.226450186587 
0.590625 0.854166666667 0.814341647308 0.298056447276 
0.546875 0.8625 0.838104267386 0.369662707964 
0.484375 0.870833333333 0.866187699596 0.439641570883 
0.496875 0.833333333333 0.779777500532 0.424994738016 
0.50625 0.754166666667 0.65880281894 0.424994738016 
0.521875 0.704166666667 0.589674525388 0.40058351853 
0.55625 0.6625 0.518385993647 0.376172299044 
0.68125 0.541666666667 0.323962877878 0.291546856196 
0.725 0.5 0.209468910852 0.257370997153 
0.7625 0.420833333333 0.0496099418594 0.255743599383 
0.825 0.354166666667 -0.101608410131 0.211803606658 
0.871875 0.283333333333 -0.218262279593 0.206921413348 
0.865625 0.233333333333 -0.254986664558 0.252488803843 
0.6875 0.291666666667 -0.0411210693351 0.41360270069 
0.596875 0.320833333333 0.0820138504465 0.498228396475 
0.5125 0.204166666667 -0.0411210693351 0.605637661039 
0.5 0.175 -0.0584029748463 0.649577906702 
0.434375 0.15 -0.0584029748463 0.704909936754 
0.34375 0.1375 -0.0562427366574 0.774888546735 
0.234375 0.158333333333 0.0388084151614 0.86927862914 
0.165625 0.183333333333 0.112257520845 0.898572041936 
0.153125 0.270833333333 0.202988196286 0.896944644166 
0.128125 0.4125 0.3390845452 0.896944644166 
0.11875 0.629166666667 0.524866708214 0.8822978113 
0.134375 0.704166666667 0.624238672164 0.859514242521 
0.1375 0.754166666667 0.676085060205 0.854631796274 
0.13125 0.8 0.723610636114 0.853004398504 
0.153125 0.8 0.695527203905 0.781398390752 
0.3 0.704166666667 0.617757957597 0.685380910578 
0.346875 0.608333333333 0.498943849947 0.646322858225 
0.353125 0.541666666667 0.41253331513 0.696772694967 
0.271875 0.529166666667 0.410373076941 0.770006353426 
0.196875 0.529166666667 0.414693553319 0.817201394628 
0.290625 0.5375 0.416853791508 0.704909936754 
0.38125 0.516666666667 0.369328215599 0.60075546773 
0.478125 0.491666666667 0.323962877878 0.516129771944 
0.553125 0.491666666667 0.295879445669 0.436386522406 
0.6375 0.508333333333 0.289398731102 0.330604655612 
0.7625 0.566666666667 0.291558969291 0.145079539279 
0.834375 0.5875 0.263475537082 0.0474346613343 
0.88125 0.5875 0.224590913928 0.00349441567171 
0.875 0.341666666667 -0.136172556907 0.159726372146 
0.85625 0.3 -0.157774938796 0.228077584357 
0.7375 0.233333333333 -0.116730077454 0.418485146937 
0.546875 0.220833333333 -0.00223644618131 0.571462054934 
0.478125 0.2625 0.0906548032021 0.633303676065 
0.140625 0.525 0.414693553319 0.87741561799 
0.109375 0.7625 0.680405536582 0.87741561799 
0.31875 0.333333333333 0.177065002265 0.73257595178 
0.44375 0.466666666667 0.308840874802 0.584481237093 
0.115625 0.741666666667 0.803540456364 0.945767083139 
0.853125 0.329166666667 0.0085647447632 0.245979212764 
0.7625 0.708333333333 0.693366965716 0.159726372146 
0.1375 0.266666666667 0.328283354256 0.968550904855 
0.303125 0.420833333333 0.440616747339 0.783025788522 
0.484375 0.466666666667 0.438456509151 0.576344248243 
0.553125 0.620833333333 0.63936067524 0.459170344122 
0.30625 0.666666666667 0.725770874303 0.787907981832 
0.1375 0.6 0.643681151617 0.911591477033 
0.565625 0.6125 0.624238672164 0.39570132522 
0.63125 0.6125 0.624238672164 0.355015875098 
0.7625 0.654166666667 0.628559148542 0.177627747615 
