0.146875 0.804166666667 0.753854306512 0.831848227495 
0.1375 0.729166666667 0.648001627995 0.844867409654 
0.128125 0.679166666667 0.583193810821 0.854631796274 
0.146875 0.65 0.555110378612 0.841612614114 
0.171875 0.6125 0.477341132304 0.822083587938 
0.18125 0.541666666667 0.416853791508 0.823710985708 
0.1875 0.495833333333 0.354206212523 0.830220576788 
0.18125 0.4 0.289398731102 0.844867409654 
0.1875 0.375 0.250514107948 0.843240011884 
0.203125 0.295833333333 0.159783096754 0.843240011884 
0.228125 0.245833333333 0.129539426356 0.826965781248 
0.33125 0.295833333333 0.153302382187 0.73583074732 
0.353125 0.304166666667 0.148981905809 0.713046925604 
0.45 0.2875 0.0712123237484 0.621911638739 
0.53125 0.3 0.0215265096501 0.571462054934 
0.60625 0.320833333333 -0.0216785898814 0.530776604811 
0.6625 0.320833333333 -0.0497620220907 0.475444574759 
0.7 0.329166666667 -0.0670442633554 0.429876931326 
0.690625 0.295833333333 -0.0670442633554 0.421739942477 
0.725 0.308333333333 -0.0713647397332 0.368035310194 
0.75625 0.325 -0.0713647397332 0.322467666762 
0.790625 0.333333333333 -0.0713647397332 0.2622534434 
0.815625 0.358333333333 -0.0627237869776 0.226450186587 
0.79375 0.4625 0.0992957559577 0.197156773791 
0.784375 0.491666666667 0.155462620376 0.197156773791 
0.740625 0.579166666667 0.349885736145 0.198784171561 
0.765625 0.741666666667 0.581033572632 0.0978844980766 
0.803125 0.75 0.581033572632 0.0441798657944 
0.8125 0.754166666667 0.581033572632 0.0148867059356 
0.85625 0.770833333333 0.578873334443 -0.027426141957 
0.871875 0.779166666667 0.576713096254 -0.0648567965398 
0.8875 0.7875 0.576713096254 -0.086012967549 
0.90625 0.804166666667 0.576713096254 -0.100660053353 
0.90625 0.804166666667 0.578873334443 -0.128325815442 
0.878125 0.7875 0.583193810821 -0.0404453241165 
0.78125 0.775 0.648001627995 0.0930023047668 
0.6625 0.820833333333 0.771136547777 0.226450186587 
0.590625 0.854166666667 0.814341647308 0.298056447276 
0.546875 0.8625 0.838104267386 0.369662707964 
0.484375 0.870833333333 0.866187699596 0.439641570883 
0.496875 0.833333333333 0.779777500532 0.424994738016 
0.50625 0.754166666667 0.65880281894 0.424994738016 
0.521875 0.704166666667 0.589674525388 0.40058351853 
0.55625 0.6625 0.518385993647 0.376172299044 
0.68125 0.541666666667 0.323962877878 0.291546856196 
0.725 0.5 0.209468910852 0.257370997153 
0.7625 0.420833333333 0.0496099418594 0.255743599383 
0.825 0.354166666667 -0.101608410131 0.211803606658 
0.871875 0.283333333333 -0.218262279593 0.206921413348 
0.865625 0.233333333333 -0.254986664558 0.252488803843 
0.6875 0.291666666667 -0.0411210693351 0.41360270069 
0.596875 0.320833333333 0.0820138504465 0.498228396475 
0.5125 0.204166666667 -0.0411210693351 0.605637661039 
0.5 0.175 -0.0584029748463 0.649577906702 
0.434375 0.15 -0.0584029748463 0.704909936754 
0.34375 0.1375 -0.0562427366574 0.774888546735 
0.234375 0.158333333333 0.0388084151614 0.86927862914 
0.165625 0.183333333333 0.112257520845 0.898572041936 
0.153125 0.270833333333 0.202988196286 0.896944644166 
0.128125 0.4125 0.3390845452 0.896944644166 
0.11875 0.629166666667 0.524866708214 0.8822978113 
0.134375 0.704166666667 0.624238672164 0.859514242521 
0.1375 0.754166666667 0.676085060205 0.854631796274 
0.13125 0.8 0.723610636114 0.853004398504 
0.153125 0.8 0.695527203905 0.781398390752 
0.3 0.704166666667 0.617757957597 0.685380910578 
0.346875 0.608333333333 0.498943849947 0.646322858225 
0.353125 0.541666666667 0.41253331513 0.696772694967 
0.271875 0.529166666667 0.410373076941 0.770006353426 
0.196875 0.529166666667 0.414693553319 0.817201394628 
0.290625 0.5375 0.416853791508 0.704909936754 
0.38125 0.516666666667 0.369328215599 0.60075546773 
0.478125 0.491666666667 0.323962877878 0.516129771944 
0.553125 0.491666666667 0.295879445669 0.436386522406 
0.6375 0.508333333333 0.289398731102 0.330604655612 
0.7625 0.566666666667 0.291558969291 0.145079539279 
0.834375 0.5875 0.263475537082 0.0474346613343 
0.88125 0.5875 0.224590913928 0.00349441567171 
0.8875 0.566666666667 0.159783096754 0.00349441567171 
0.909375 0.520833333333 0.0690520855595 0.00349441567171 
0.934375 0.483333333333 -0.0368005929573 0.00186701790178 
0.946875 0.416666666667 -0.129691842341 0.0555716501839 
0.875 0.341666666667 -0.136172556907 0.159726372146 
0.85625 0.3 -0.157774938796 0.228077584357 
0.7375 0.233333333333 -0.116730077454 0.418485146937 
0.546875 0.220833333333 -0.00223644618131 0.571462054934 
0.478125 0.2625 0.0906548032021 0.633303676065 
0.140625 0.525 0.414693553319 0.87741561799 
0.109375 0.7625 0.680405536582 0.87741561799 
0.31875 0.333333333333 0.177065002265 0.73257595178 
0.44375 0.466666666667 0.308840874802 0.584481237093 
0.115625 0.741666666667 0.803540456364 0.945767083139 
0.853125 0.329166666667 0.0085647447632 0.245979212764 
0.7625 0.708333333333 0.693366965716 0.159726372146 
0.1375 0.266666666667 0.328283354256 0.968550904855 
0.303125 0.420833333333 0.440616747339 0.783025788522 
0.484375 0.466666666667 0.438456509151 0.576344248243 
0.553125 0.620833333333 0.63936067524 0.459170344122 
0.30625 0.666666666667 0.725770874303 0.787907981832 
0.1375 0.6 0.643681151617 0.911591477033 
0.565625 0.6125 0.624238672164 0.39570132522 
0.63125 0.6125 0.624238672164 0.355015875098 
0.7625 0.654166666667 0.628559148542 0.177627747615 
0.753125 0.545833333333 0.39309117143 0.228077584357 
0.7625 0.391666666667 0.138180379111 0.307820833895 
0.759375 0.304166666667 0.0539304182372 0.364780514655 
0.528125 0.229166666667 0.133859902734 0.615402047659 
0.34375 0.275 0.278597204404 0.787907981832 
0.33125 0.404166666667 0.427655318206 0.760241966806 
0.459375 0.6875 0.743053115568 0.563324813147 
0.48125 0.679166666667 0.736572401001 0.534031400351 
0.5 0.670833333333 0.725770874303 0.511247578634 
0.553125 0.666666666667 0.717129921547 0.389191734141 
0.678125 0.695833333333 0.719290159736 0.26388084117 
0.709375 0.691666666667 0.714969683358 0.231332632834 
0.61875 0.483333333333 0.388770695052 0.464052537432 
0.48125 0.4375 0.408212838752 0.621911638739 
0.653125 0.65 0.609117004841 0.322467666762 
0.64375 0.6625 0.652322104373 0.328977257842 
0.63125 0.691666666667 0.689046489338 0.333859451151 
0.765625 0.629166666667 0.531347758534 0.176000349845 
0.7875 0.566666666667 0.403892362375 0.164608565455 
0.78125 0.533333333333 0.352045974334 0.236214826144 
0.58125 0.716666666667 0.753854306512 0.363153116885 
0.6125 0.708333333333 0.73873263919 0.351761079558 
0.7375 0.6625 0.615597719408 0.193901978251 
0.784375 0.45 0.211629149041 0.241097019454 
0.8125 0.6875 0.619918195786 0.102766944324 
0.809375 0.6875 0.622078433975 0.12717816381 
0.6625 0.2875 0.0992957559577 0.472189779219 
0.396875 0.158333333333 0.153302382187 0.756987171266 
0.2875 0.225 0.235392104873 0.843240011884 
0.20625 0.225 0.261315298893 0.903454235246 
0.25625 0.404166666667 0.425495080017 0.838357818574 
0.35 0.5125 0.51190527908 0.72769375847 
0.525 0.5375 0.505424564514 0.506365385325 
0.68125 0.570833333333 0.492462799627 0.312703280142 
0.73125 0.616666666667 0.533507996723 0.224822788817 
0.74375 0.541666666667 0.395251409619 0.250861406073 
0.715625 0.395833333333 0.16842404951 0.338741897398 
0.7625 0.341666666667 0.0992957559577 0.299683845046 
0.859375 0.4625 0.192187005341 0.164608565455 
0.8125 0.520833333333 0.332603830634 0.202038967101 
0.734375 0.55 0.419014029697 0.26876303448 
0.628125 0.520833333333 0.434136032773 0.426622135786 
0.53125 0.491666666667 0.447097461906 0.551933028757 
0.346875 0.475 0.48598208506 0.745595133939 
0.390625 0.675 0.714969683358 0.644695460455 
0.45 0.658333333333 0.691206727527 0.568207006456 
0.553125 0.6125 0.609117004841 0.452660753043 
